198 12 111100110101
70 32 00001011000111100011101011110100
178 8 10100100
65 24 110101011101010100101000
176 5 11010
236 28 0100001100011101000100111010
15 8 11111111
233 16 1010110010111000
100 31 1010101111000101000001011111001
92 14 11010111110011
41 8 00111000
50 14 00111001010101
134 4 1100
162 23 00111001001100001011100
8 8 00001000
188 14 10000011001111
229 21 001111011100100000000
35 25 1010100011000101101111101
20 5 11010
242 10 0001010000
250 23 11010001000011100100111
50 9 100101111
245 20 10010000010001000000
168 23 11100010010001101111100
128 21 010110001000100000111
98 25 0101101110101101101111100
53 25 1100110100011001001111101
31 4 1000
73 12 001000000000
153 24 001010111100010001011011
121 27 100000010011111011101111101
135 10 1010010011
101 28 0011111001110000111110111111
126 7 0011000
91 28 0000010001110001111011100001
209 11 01101110101
229 20 00010100101100111010
222 31 0010111111011001011000011111101
194 12 011011101011
77 28 1001001000110001001000110010
178 23 10010001000010011010000
77 24 111101011111100100000100
156 29 11100001100111001011111001101
206 21 011101110101110100011
30 13 1011011011001
123 19 0010100110100100000
200 12 110000110010
200 13 1101100101110
87 29 11001000110010111110011100010
162 8 00001011
150 12 101110101101
229 26 11101001000001101101001101
171 31 0101001001111111000010100011100
204 31 0000101000111101101111010111101
67 5 10001
150 9 101011101
196 6 010001
97 4 0101
199 6 111001
130 28 1100100100100111011011100110
244 31 1101011000010100001100101110010
207 26 00111101110000101010111101
239 11 10000111011
85 20 10111100001110101101
94 25 1111110101010100111100101
51 15 100101011110100
220 4 0101
17 23 00000111010111100111011
47 30 100101101110000001101000110111
230 20 10110101010110100001
168 19 1001111110010000101
231 10 0000010111
107 24 110000110010011101001111
19 14 01001111101111
112 23 10111101110000000001010
203 21 000100101010000110110
179 19 1101010011001111010
1 27 010111100011100000110101110
55 22 1000011001010000001010
236 26 10100001001010000110111110
16 14 01011001000001
243 13 0110000111001
214 21 001101111101111110010
128 17 10111101110011000
164 31 1101011010111001111000111010100
141 6 011010
133 21 100101001101011001111
166 14 01000011110111
201 7 0000011
214 28 0011011011010011001110000000
47 27 010100000011101011000010010
87 7 1010001
133 4 1110
44 16 0110010011111100
106 27 010000111001100000111100011
200 29 00000001000000100111100000001
192 16 0100000100110101
222 28 0110110110000000001111100001
252 17 11101011100110011
97 9 010110010
